1.000000	10.000228	0.000000	2.302608
2.000000	10.000228	0.693147	2.302608
3.000000	10.000228	1.098612	2.302608
4.000000	10.000228	1.386294	2.302608
5.000000	10.000228	1.609438	2.302608
6.000000	10.000228	1.791759	2.302608
7.000000	10.000228	1.945910	2.302608
8.000000	10.000228	2.079442	2.302608
9.000000	10.000228	2.197225	2.302608
10.000000	10.000227	2.302585	2.302608
11.000000	10.000227	2.397895	2.302608
12.000000	10.000227	2.484907	2.302608
13.000000	10.000227	2.564949	2.302608
14.000000	10.000225	2.639057	2.302608
15.000000	10.000221	2.708050	2.302607
16.000000	10.000212	2.772589	2.302606
17.000000	10.000188	2.833213	2.302604
18.000000	10.000134	2.890372	2.302599
19.000000	10.000029	2.944439	2.302588
20.000000	9.999876	2.995732	2.302573
21.000000	9.999738	3.044522	2.302559
22.000000	9.999665	3.091042	2.302552
23.000000	9.999645	3.135494	2.302550
24.000000	9.999652	3.178054	2.302550
25.000000	9.999669	3.218876	2.302552
26.000000	9.999688	3.258097	2.302554
27.000000	9.999707	3.295837	2.302556
28.000000	9.999726	3.332205	2.302558
29.000000	9.999743	3.367296	2.302559
30.000000	9.999759	3.401197	2.302561
31.000000	9.999774	3.433987	2.302562
32.000000	9.999788	3.465736	2.302564
33.000000	9.999802	3.496508	2.302565
34.000000	9.999814	3.526361	2.302567
35.000000	9.999826	3.555348	2.302568
36.000000	9.999837	3.583519	2.302569
37.000000	9.999848	3.610918	2.302570
38.000000	9.999858	3.637586	2.302571
39.000000	9.999867	3.663562	2.302572
40.000000	9.999876	3.688879	2.302573
41.000000	9.999885	3.713572	2.302574
42.000000	9.999893	3.737670	2.302574
43.000000	9.999901	3.761200	2.302575
44.000000	9.999908	3.784190	2.302576
45.000000	9.999915	3.806662	2.302577
46.000000	9.999922	3.828641	2.302577
47.000000	9.999928	3.850148	2.302578
48.000000	9.999935	3.871201	2.302579
49.000000	9.999941	3.891820	2.302579
50.000000	9.999946	3.912023	2.302580
51.000000	9.999952	3.931826	2.302580
52.000000	9.999957	3.951244	2.302581
53.000000	9.999962	3.970292	2.302581
54.000000	9.999967	3.988984	2.302582
55.000000	9.999972	4.007333	2.302582
56.000000	9.999977	4.025352	2.302583
57.000000	9.999981	4.043051	2.302583
58.000000	9.999985	4.060443	2.302584
59.000000	9.999989	4.077537	2.302584
60.000000	9.999993	4.094345	2.302584
61.000000	9.999997	4.110874	2.302585
62.000000	10.000001	4.127134	2.302585
63.000000	10.000004	4.143135	2.302586
64.000000	10.000008	4.158883	2.302586
65.000000	10.000011	4.174387	2.302586
66.000000	10.000015	4.189655	2.302587
67.000000	10.000018	4.204693	2.302587
68.000000	10.000021	4.219508	2.302587
69.000000	10.000024	4.234107	2.302587
70.000000	10.000027	4.248495	2.302588
71.000000	10.000030	4.262680	2.302588
72.000000	10.000032	4.276666	2.302588
73.000000	10.000035	4.290459	2.302589
74.000000	10.000038	4.304065	2.302589
75.000000	10.000040	4.317488	2.302589
76.000000	10.000043	4.330733	2.302589
77.000000	10.000045	4.343805	2.302590
78.000000	10.000047	4.356709	2.302590
79.000000	10.000050	4.369448	2.302590
80.000000	10.000052	4.382027	2.302590
81.000000	10.000054	4.394449	2.302590
82.000000	10.000056	4.406719	2.302591
83.000000	10.000058	4.418841	2.302591
84.000000	10.000060	4.430817	2.302591
85.000000	10.000062	4.442651	2.302591
86.000000	10.000064	4.454347	2.302592
87.000000	10.000066	4.465908	2.302592
88.000000	10.000068	4.477337	2.302592
89.000000	10.000070	4.488636	2.302592
90.000000	10.000071	4.499810	2.302592
91.000000	10.000073	4.510860	2.302592
92.000000	10.000075	4.521789	2.302593
93.000000	10.000076	4.532599	2.302593
94.000000	10.000078	4.543295	2.302593
95.000000	10.000080	4.553877	2.302593
96.000000	10.000081	4.564348	2.302593
97.000000	10.000083	4.574711	2.302593
98.000000	10.000084	4.584967	2.302594
99.000000	10.000086	4.595120	2.302594
100.000000	10.000087	4.605170	2.302594
